Given data:
--------------------------------------------------------------------
| No.   | Name                 | Publish Year    | Price           |
--------------------------------------------------------------------
|     1 | Book 1               |            2020 |           15.99 |
|     2 | Book 2               |            2019 |           12.50 |
|     3 | Book 3               |            2022 |           24.99 |
|     4 | Book 4               |            2018 |           18.75 |
|     5 | Book 5               |            2021 |            9.99 |
|     6 | Book 6               |            2020 |           14.95 |
|     7 | Book 7               |            2019 |           22.50 |
|     8 | Book 8               |            2023 |           29.99 |
|     9 | Book 9               |            2017 |           16.25 |
|    10 | Book 10              |            2022 |           11.99 |
|    11 | Book 11              |            2016 |            7.50 |
|    12 | Book 12              |            2021 |           19.95 |
|    13 | Book 13              |            2020 |           13.50 |
|    14 | Book 14              |            2018 |           26.99 |
|    15 | Book 15              |            2019 |            8.75 |
|    16 | Book 16              |            2023 |           21.50 |
|    17 | Book 17              |            2017 |           17.99 |
|    18 | Book 18              |            2022 |           12.25 |
|    19 | Book 19              |            2016 |            9.99 |
|    20 | Book 20              |            2021 |           14.95 |
|    21 | Book 21              |            2020 |           22.50 |
|    22 | Book 22              |            2019 |           29.99 |
|    23 | Book 23              |            2018 |           16.25 |
|    24 | Book 24              |            2022 |           11.99 |
|    25 | Book 25              |            2017 |            7.50 |
--------------------------------------------------------------------

Filtered results:
---------------------------------------------------------------------------------------
| No.   | Name                 | Publish Year    | Price           | Calculated Value |
---------------------------------------------------------------------------------------
|     1 | Book 3               |            2022 |           24.99 |            45200 |
|     2 | Book 14              |            2018 |           26.99 |            45400 |
|     3 | Book 22              |            2019 |           29.99 |            46000 |
|     4 | Book 8               |            2023 |           29.99 |            46200 |
---------------------------------------------------------------------------------------
