Given data:
--------------------------------------------------------------------
| No.   | Name                 | Publish Year    | Price           |
--------------------------------------------------------------------
|     1 | Book 1               |            2020 |              25 |
|     2 | Book 2               |            2019 |            26,5 |
|     3 | Book 3               |            2022 |           30,25 |
|     4 | Book 4               |            2018 |           27,95 |
|     5 | Book 5               |            2021 |           29,99 |
|     6 | Book 6               |            2020 |           28,75 |
|     7 | Book 7               |            2019 |            31,5 |
|     8 | Book 8               |            2023 |           32,99 |
|     9 | Book 9               |            2017 |           26,25 |
|    10 | Book 10              |            2022 |           29,99 |
|    11 | Book 11              |            2016 |              35 |
|    12 | Book 12              |            2021 |           27,95 |
|    13 | Book 13              |            2020 |            30,5 |
|    14 | Book 14              |            2018 |           29,99 |
|    15 | Book 15              |            2019 |           28,75 |
|    16 | Book 16              |            2023 |            31,5 |
|    17 | Book 17              |            2017 |           34,99 |
|    18 | Book 18              |            2022 |           29,25 |
|    19 | Book 19              |            2016 |           30,99 |
|    20 | Book 20              |            2021 |           32,95 |
|    21 | Book 21              |            2020 |            35,5 |
|    22 | Book 22              |            2019 |           33,99 |
|    23 | Book 23              |            2018 |           36,25 |
|    24 | Book 24              |            2022 |           27,99 |
|    25 | Book 25              |            2017 |            25,5 |
--------------------------------------------------------------------

Filtered results:
---------------------------------------------------------------------------------------
| No.   | Name                 | Publish Year    | Price           | Calculated Value |
---------------------------------------------------------------------------------------
|     1 | Book 1               |            2020 |              25 |            10000 |
|     2 | Book 25              |            2017 |            25,5 |            10200 |
|     3 | Book 9               |            2017 |           26,25 |            10600 |
|     4 | Book 2               |            2019 |            26,5 |            10600 |
|     5 | Book 24              |            2022 |           27,99 |            11200 |
|     6 | Book 12              |            2021 |           27,95 |            11200 |
|     7 | Book 4               |            2018 |           27,95 |            11200 |
|     8 | Book 15              |            2019 |           28,75 |            11600 |
|     9 | Book 6               |            2020 |           28,75 |            11600 |
|    10 | Book 18              |            2022 |           29,25 |            11800 |
|    11 | Book 14              |            2018 |           29,99 |            12000 |
|    12 | Book 10              |            2022 |           29,99 |            12000 |
|    13 | Book 5               |            2021 |           29,99 |            12000 |
|    14 | Book 13              |            2020 |            30,5 |            12200 |
|    15 | Book 3               |            2022 |           30,25 |            12200 |
|    16 | Book 19              |            2016 |           30,99 |            12400 |
|    17 | Book 16              |            2023 |            31,5 |            12600 |
|    18 | Book 7               |            2019 |            31,5 |            12600 |
|    19 | Book 20              |            2021 |           32,95 |            13200 |
|    20 | Book 8               |            2023 |           32,99 |            13200 |
|    21 | Book 22              |            2019 |           33,99 |            13600 |
|    22 | Book 17              |            2017 |           34,99 |            14000 |
|    23 | Book 11              |            2016 |              35 |            14000 |
|    24 | Book 21              |            2020 |            35,5 |            14200 |
|    25 | Book 23              |            2018 |           36,25 |            14600 |
---------------------------------------------------------------------------------------
