Given data:
--------------------------------------------------------------------
| No.   | Name                 | Publish Year    | Price           |
--------------------------------------------------------------------
|     1 | Book 1               |            2020 |           15,99 |
|     2 | Book 2               |            2019 |            12,5 |
|     3 | Book 3               |            2022 |           18,75 |
|     4 | Book 4               |            2018 |           14,95 |
|     5 | Book 5               |            2021 |            9,99 |
|     6 | Book 6               |            2020 |            13,5 |
|     7 | Book 7               |            2019 |            22,5 |
|     8 | Book 8               |            2023 |           11,99 |
|     9 | Book 9               |            2017 |           16,25 |
|    10 | Book 10              |            2022 |           12,25 |
|    11 | Book 11              |            2016 |             7,5 |
|    12 | Book 12              |            2021 |           19,95 |
|    13 | Book 13              |            2020 |            8,75 |
|    14 | Book 14              |            2018 |           11,99 |
|    15 | Book 15              |            2019 |            8,75 |
|    16 | Book 16              |            2023 |            21,5 |
|    17 | Book 17              |            2017 |           17,99 |
|    18 | Book 18              |            2022 |           12,25 |
|    19 | Book 19              |            2016 |            9,99 |
|    20 | Book 20              |            2021 |           14,95 |
|    21 | Book 21              |            2020 |            22,5 |
|    22 | Book 22              |            2019 |           19,99 |
|    23 | Book 23              |            2018 |           16,25 |
|    24 | Book 24              |            2022 |           11,99 |
|    25 | Book 25              |            2017 |             7,5 |
--------------------------------------------------------------------

Filtered results:
No elements found.
